0 209 645
1 1297 1000
6 1080 1030
6 1150 1030
6 1220 1030
6 1400 1030
6 1470 1030
6 1540 1030
8 84 1048
8 178 720
7 1801 1074 1803 433
7 1803 433 1801 1074
7 1803 433 1686 145
7 1686 145 1803 433
7 1686 145 1471 3
7 1471 3 1686 145
7 1471 3 446 4
7 446 4 1471 3
7 446 4 241 142
7 241 142 446 4
7 241 142 142 389
7 142 389 241 142
7 148 378 146 1072
7 146 1072 148 378
7 1920 1080 0 1080
7 0 1080 1920 1080
7 711 711 714 1069
7 714 1069 711 711
7 74 1058 94 1058
7 94 1058 74 1058
7 168 730 188 730
7 188 730 168 730
7 143 644 297 485
7 297 485 143 644
7 1038 978 1256 982
7 1256 982 1038 978
7 1038 971 733 1064
7 733 1064 1038 971
7 1354 982 1738 967
7 1738 967 1354 982
7 1738 967 1804 1024
7 1804 1024 1738 967
